81111 11 tntis-tcum

1181. 13, 3111 11111881 811 nini:
11 1111 uentus turbiniz 1111111
1181811 aquitane: nubescss 1118
gna: 8 ignia 1888181115 snit:
88111518 11118118 119. 111111 1111
818 eun 1188111888 11881881
81811111 et 8111111111 8811115 1181
111 118. 111Ὦ {De 1111818 8811111
1181 118811 11111115 11111111 1181
111 81 18181818815.<1Ε1.1118. 11
Qun} 11118 8181 huminum
getenzl 18118881 11181181 1111
1118115 1118111 1118111111 8118118
181111 1181 1811 1111111818 111111
81118111. flDfiz 1111 11881 1111 11
11111811 1111 111 1181111111 1118 1111
1111811181. 1113881 1111 1181118111
1111 tutabat: 1811111185 sana:
hat: nemunesrss fugabat. (1151
118 18111 185 18181181] quotz 11
11 11811188 118 11811111 118188
111 fetebant 811 infirmitati&
niuetfizs 8185 8 8181881119 nh
teffnz. &uitauit 8111 1118111 1η
8811111 188111 1811811181 1111 8
philippo nyatnnu hapt1‘3at9
12 1113881881 181115 11111 11811
11 11881881 nenne nni: 111815
18111 penes testi! 111818 111815
18111 8111181118 811811. ‹zEt 11111
11111 118811 81811181 1118 can:
8111115. 111 &uh 1111118 1818111
11181181 hominia in 11881881
1181111181. QEt scintille. 11.. 111,
In 8111185 111181 Quum> 111
11119 111115 eglippi: 1181 1111118
gi 1111111811 118 puiset 881819

,ffu- [11⁴

111 8118118181. 318811118185 88
8111111111 1111811811 1118119 11185
88 111111 1111181818 1111 11811111;
8881181881111115 11181111 vern:
sti: 18111 1811118811. 11131188 111ς
811 ter: 11181111 111 811111 118Ζ
1111581115 est 111111 111811 1118 11
11118 ephigenia: 11111 turgini:
1811111 188 818 8181181111. <Tm
8111. Β. 1ἐ111111111888 81111111
81111118118111 181111 numini& 11
181115 1181111 8 8111115 1111811
1188111811 181115 neto 11111111 8
1111111111 1111818111 11881881

181118 81111111 8118111 81181111
1111818111 11881881. QEt 181111 et
11111111 11111111 81181111· 118111.
nv Ξ381 11111111 singulum iun
genantur! 8 8811111188111 181
11818 1818111. 1111181111. ablu:
118 patri. QEt 181115 311 1188
nocturna 811, &amentia un:
1111111 1118111111 1181111111 8811111
11 8888118111 1118118811 1811
1111111 11181188 intonant. 118,
111)111111.8 11111118. (m. 1181118 18
111111 1818181181 811111111118111
tunt sapienciamx 811111 san:
stum: Dignum hencuistiunc
1111118111 fecerunt 8118181118
11111 1188118111 8111811 11111111
uerunt. 115. <manni nens uc:
8111811881111, Im.. 81111111 eos*
11 8111111 tarne: 118181111118
1111111118 11 1181188111 8 81111
1111111. 118 8118881 8188 818118
11181.11,11811111111111 188. 1, 11'1‘1v

