99 1911999

Η19111 11111 91119 omani: 91
9191 91119 919119.

11311191199 1191191991 11111 919
911111911911 et 911119111111 99119
911911911111119 11119.
§mutetur 1911919191 91111195
substantiam eiuz: 9 91119191
9119111 19119199 91119

{Qun 1111111 991111911 1191 111
qui 1111191991111 1111911119 91119.
Η1911111911 91119111 1111911111 1
111 9911919119119 9119 991991111
numen 91119

In 11191119119111 199991 11119ε
199 1191111111 91119 111 1911199911
991111111; 91 peccatum 11191119
91119 11911 991991111

Η19111 1911119 911111 1911111911
91 9111191991 99 19119 memo:
119 9911 mn 99 q> 119 911 recog:
991119 191919 11119111
6199119191119 est 9911119919
1119119111 9111191191111111τ ee cfipti
stum 19199 munificare

gt 9119111 111919919119119111 fit
11911191 ei: 91 119111111111911119119
91 elongabitur 99 99

gt 11191111 111919911119119111 si
1111 9911111191111 et 11191111 111111
aqua 111 1111911919 919] 91111111
91911111111 91119119 91119

Η191 91 111111 vestimentum
qun operit: 9 111111 {una 9119
semper metingitut.

{Qut 9119 999 9991199111911
tbi anun nsunt 91 [⁸1 1999111111
111919 9911911119 919111 11199111

fufio. 1111'1'1'.

Gjt 111 9119 191 1119111111 1111191
119111911 11111111ε 91 11191119 fi 1111
1911191919 1119

Hibera 1119 111 99911119 ee 11911
1191 999 sum: 91191111911111 19
1111119111111 cst 111119 1119
„Sicut 91111119 111111 991111191
99191119 sum: ee 9111111119 111111
111111 19111119

Genua 11199 infirmata 111111
9191111119 ε et 1919 11199111111111ε
1919 911 montet 91911111.

&t 999 1991119 111111 9119191111
11111 11119; 11199111911119 et mu:
119111111 1911119 1119.

ζεῖ-19111119 1119 9119 99119 11199 z
1911111111 1119 191 119111 11111911ς
1919111111 1119111

&J 1119111 911119111191119 hott
91 111 9119 1911111 99111.
([ὶ91991111 1111 ee 111 1111911991
qui insurgunt 111 1119 191111111
99111111 19111119 91119111 1119 Ic:
19911111.

1119119111 ι’] 99119991 1111191
91199191 91 9991199191 ficut
911119199 1911111119119 1119.
(1991119991 9119 11111119 1 919
111991 91111 1119919 11111119111111
19119999 911111.

Qui astitit 9 9911119 paupe
tiz: 91 [91119111 1919191 9 119119
9119111111119 919111 11199111
619119. fin, (1199619991 9119
111111191919 11199. 11113119 91911
91 919119 11199. 13. &t 11911191
11199 99 1911911191. §inte 1911, 11.

pii

