3511511115

5155515115 1115111155 11115515
5111115151 1511 111555 1511115
1115115151111] 115 11 15555115
1115 55111155 5511151515 11511
115 1511 1115 signati 55 111111
11555111 51111111 11 1115511551.
&attin 1115 555115 5111111115
11115 11115115 55111155 resonet
huc 11551511 1115 1115151115111
115 511115 11551155 1111155 1115
155115151151 111 111515 min:
1111111 11115 51111111 1511511551
115115115111 111 15115115. 31115
5151111115 1 515 51115115 511 111
111155551111115 155511 51115 lua
1115111 51111155. 31115 1151111115
1111511515 51155 51111 1115 min:
1111111 111 1155 1115511559 15111
1111115 11 515 1155111 115 1111.
3111 511 1151 111111155511111155
155515 111115 11151 511111 min:
1111111 sl 11 1511551 551115. 31115
111 15115115 11 111115 51155 155
1 11555 111115 111511 5555511111
5111 1111511 511 111151111111 111 15
15 111115 1155111111 151111. 31115
15115111 111115 1151 515 1115115
15115111 111 5111151 1511115515
111. wenc hic 511 5511151155 ,11
1111515. 311 511119 11115 11115115
111155 et 1151111119 115111, rc. 111,
Π15511 11 51515 151551515111
1115 11111 1111111515 51 1155111111111
51111111 1 1115115115 115511115111
111 1551511551 11111511 111 hene:
1511111551 5551111155 111 tetri:
1151551 511151 11515 511 11111 111

{Dic 111115,

11511155 55115 11511511 1111115
51115 11151151. ἐή 151511 11511111
1151511115 11519 buc 1511111 nu:
1111 1111 11111511 11111 1115111 tri:
1155 15151111 1111155151 1111 ni:
51115 5111 111151515111155] suh
11551515 1151551155 1511115111
11111 1515111 55515155111155]
1115115515515 55511115 111 1111
11111 11515 1111115151 mysticum
1111115 151155115111. Ξῖ5111115ι
11151 511 1515515511115 11511 511
1151111155 1519 111555115511115
115 511 111115 111 1511 nulius 5115
1515151 rempublicam 555119
11115515 1155115 55 15115115 111
11115 1151511 innotesci: 11 nu:
1111515 51 1151511511 5151151115
155 1151111515. muare 15111 11
111111 seiz! 151 511 11 151515 ne:
1115. mambae 511 nescite] 11111
1115 1115 1115111115 11115 5115115
15111 5551. 11911511 1111 15511551
11111 111151 5551 11111 1515111 1511
115111 11135111 1151151551.
9915115 51 11115,Ξ311.111.5115
1551511551 11515 11111. 1115, ι’.
§Dura 151111 15115151
1155515 1115 1511151155
1551 111 1519 5111155 1111119 1115
1111555151 111 55511 1151511111
integratione 15 551115 51 11111
55151115 15111151151115 515151
11111551 515 119β (t 1511115 exul:
1511515 155511 1151111 5111 15111
31115 1111115 15111 11515 interme:
15115 111 1155 111 55 1111111511 111

