38881188

91381 111 8888911188 attigisset
88811 811 88811818 118818 988
1188 18189 1811 1811111819 9118
19181181119818919 cepit: 8898
nt 11118 918818 88111111818 nti
19119111. 9881188115 118119 81
818119 891981181981 88181881
989818 11181188 8811188919 19
pit: 911188111185 8111811188 118
191818 89181118 911881 1111818
8818 19 8118118118 11811118 1118
11819188 811188 1881819888ε
1111. altu 881918. 111118 1188.
ffljt 811191118 818811188 191188
111981 89119 18881118 1881 ni:
198 91 11918 81 1181818 91 gal:
118 in ytalia 8919811888 net:
uenit. 111111 111111 1888819188 11
8118198 91 18119118 8189119911
1881881 8888818988981981.
69198881 81113 8118 81811818
1818 11811 89111198118 8918188
118118 181819111889 18881191.
&tannem 81819811881 11111981
8181118 1819118111 19 18818111
91 88 1111888818 1381811819 81
891111 91 9818188198 881898
88 88818 111891 ee 91 818119 818
898 18881 81111188 891118 18118
19 igitur 91 188188 ,1118881118
91 11119 8 898 11198188119 tp 1111
118188 91 18188118 181189818
188881918111118 11811 891191181
1181181 81818 191119 91 18111118
111111118 1818 1188111188 fuit
8898 nt 98 881819 81881985
88118111 8111919111 1811981191.

,111 19118 188111 rothi

(111183 91 98 1888819188 1191ς
18111191 1181118898 91 1188881
881918818918 1888981 tonse:
18188 911. &Lu autem. Lcfi. ιιι.
188915 8111191188 898 1818119
18 881118 18 188818 11189111]9
8918188 911 889 81818111 fite:
11118 8918118181. 318 11819188
898115 181118 8918981988 8 11
1181111118 tant} 9181818181 1ῦ
8191398188 18 11181818 91 1 181
19111188 89118811111 91 quin:
1181811 19818118 1111 1818818111
qun 918118 1818 81811818 118
1198118 9111119 88119111819 tri:
1911188 1918888 11119 189 8888
migrauit 88 8881188111, &eu
8819115 911118 8111118191 818811
88811811 111 qui 89181988 nu:
111911 111818 1888181918 19111111
1118 119119 818198919181.11Ε8 118
15 8181188 88 18188 919 tabu:
18 11898881 818 11119118181111
1118 19119118 ests 119119 18118188
198 88 rothi patrocinium 18
1811198198 contagionem 1118
118181981111181881 98818188
significo. ffluuu 11111 88 na:
11811 8118118918 8918111111 fuit
1888811988 11111 181181 91 118
119 1119 89881918181818111818
18111 81881 88818 8188818188
18811111181881 1811188 1111111118
11818118 88 1981818111 8919119
19111 91 9191111118 1119 89181118
11811888 magno 1118111111 91
1918111881 1881118111, 9181811

