mutuum: ’1111811111

88 985 18185 1191118919. OEu
8819111 8818189 811191919 88.
11111, 1111181895 188119 tatii:
1819111 118881 1811118 188118 89
untione 18119891881 ,118111 8
111818 19188891881. 8. 119888
tem uirgineum mente 8 981
11819 881115 8188818198115 19
88119 ,118111 881818 191. 1118,
die 11188118 ee 91191198
11811 1881111819 81181ι
895 18 91119118 nominantur t
11885 9118 8111811811 11818118ε
18 181818818195 8118911819 18
18981819. &eu nisi 181181 1199
[1181111888 88 8818911818 91
11911881 119111891. 11138819 et ii
11185 18185 181911189198185 sl
sanctimoniale& 8898181. nii
quin 891981 1881 81111181 18η
18 81181811 1881111888 88 18
91188881 8811191881 1988191.
πυ 8819111 8881189. Β ,91818
1811 188 81181895 1811118 uu:
minu 1189111 [91888195 88115
181985 191811 1111989181. QEt 911
98 1988881 18 91918881. muz
ffluatuin 11811111118818981 19
1119111 8985 91 8111181111 88111
185 1885. <Pit 1881 98 1988881
1199118 1111118ἢ
§Dite 8819111 81981 ali:
918151 quin 11 1118119 sut 88811
89 911881 118899 188118 neti:
1819 81 uit 899981 inueniam
181. mun 118 911. mam si sn:
185 8999111 intelligi uellet 118

fur. 1111.

8851 888 ihi 8119889191 quin
¹23 181885. gn 881981 11111119
sint 81181895 11119 889881111
118819 188118 quinq} 81118
1188881819 1819111888185 18
11111811 88 8811195 885 18 911
88 8818911881 8818188 99919
[18111 111881 1181811818111 pet:
118919 888 88 18185 menori:
185 89 11811815 88198 nutui:
1885 891 88 18185 1119895 Q
818815 11181185 88 8111895.
ficu 8819111 88111189 181191919
1181111. {am fluuutcntut 81
1111118 88 891119185. usus, 9139
818 88119 91811181 181185 911.
139188181111. αΕ119 1118185 89
81191119 811818 91. jn 181189
nus 1181111118 1111181895 san:
119 891 81819 1118 1181115 81119
letum 11981881 1191 885 atti:
11919 8191988181. 115 Domi:
n9 regnauit, 811 efflui& 88119
11811181 181185 911 9199 suun:
1115 89811 91119 8111118111 91. 115
31888819. 811, 1918898195 811
81895 81991191881 81911111 1 88
115 11115 1881 18818881885. 115
{Deua 89115 1119115. v(5111 511> ᾧ
11819818 911 98118 898918118
911111 918111819. 1118181115 252:
89811119. 8111111118 ᾱῖῖ889 sut:
19191881 881895 81181895 il:
19 91 81888911181 1881118895
11185. 81818185 11888819. &a

uitulum flD ᾧ 11811818 911 98
118 8118118 unc}⁴ 88 1191. my>

