31111111

11111111111111111 Digne 11111111
penetrati: 11111111 mea ufiml
11 in 111111111 magna 1111111
111111 111111111111 magna 11119
magnificam 1111111111 11111
111111 nnn tasum] 111 magni:
sicat 11111111 11111 numinum.
QEtultauit 11111 11119 13111111
11 111 11111111 111 111 saluta:
11 11111. 1111 1111111111111. f, 1¹1
In 11 qui eu 11111 111 11111
111111 111111111111111 1111111 11119
ΕΕ11111 1111111111 sublimauit
1111 119 q> 11111 111191 11119 1111
11111111 11111111. fflz 11111111
1111111111 111111 1111 111111 11111
111 1111111111 11111111 111 111
1111 11111111 111 1111111111 1111
1111111. (11Ξ1 111 11111111 11111111
net 11111111 1111111 1111111111
11111111 ,1111111111 1111111111,
111111 111111111 111 1111111 s]
in 11111111 1111 111111 1111 11111
111. 11Ξ1 1111 111 1111111111 1111111
11111. 111 fl 11111111 inquit 1111
1111111 111 1111111111 1111 nubi:
11111 111111 11 1111111113111111ι
11 1111 1111111111 11111111111 111
111111111 1111 111111111111 11111
1111111 1111111111 111111. mat
1111 1111111119 1111 1111111
111111111 111111111β 11119 ima
11111111 11111111 11119 1111 11111
hausta 1111111111 11111 11 1111
111 111111111111 sinu 11111111
1 11111111. <aitte 1111 11111 bea:
11111 1111 11111 111 1111111111

ffin 111. 111111. 11. matie

&cestuum 11111. 1'0. tamtum.
sm 1111 111111. 1111111111
1111111 111111 111 11111111

111 festinacione 111 ciuitatem

11111τ 111111111111111511111111

11 1111111111 1115111111. 1151. 22·

ffimcf. 11 11111111 1111111119
1111 uirgo 1111 11 ‹ 11111.
,11111 11111111111111 1111

[1111111111 metugatiufis p, 1111

111111 afflationem 111 111111 11

11111111 11 1111111111 1111111111

11 tam uenata 11 1111111 111 q>

131111 11 1111111111 1111111111 11

11 111111 inqui gestifit quicqum

11111111 11 1111111111 11 111 qn

1111 potest 111 putuit 11111111

1111111 11111111 1111111111] 112

fecit michi magna qui 11111

111 1111111111 1111111 11111. lm:

111 111 111111 1111 magna 1111

111 11111 1111111111111111 111115

11111111111111 1111111111] que

111 1119 fasta 11111111111 ism

in 11111111111311111111 meam

magnificatione singulatem

1131111 111111 1111 quasi 111119

1111111111. ,111111 1111111 111515

herb] 11111111 affluit 1111111111

manui 1111111 1111111 messui:

11111 11111 1111111111 1111111111

1111111 1111111111 1111111111 1111

11111111 1111111111 continue.

{Duiss’ 1ᾶ11111111 111111111111 111

1111111111 11111111 111111111111

1111111111. πα 1111. 111. mn

Seueat 111 1111111 111 1111111

