fiugufluz

Det 118888 881111 8111111 811
1111118 118118111111181119 88
811 11181111 118 111 111818 ussi:
8111. Iesu 111 888111881111;
11 1118888181 88811111 fluite:
88 1811181111111 18181 Desine:
18111111. mane 88811111 81111
881 188 1181181 lumine: 8111
18 881111 1811811111 188 88111
881118181618118111118811 1⁸1
88181 11. 311 immo noctur. 8
{Di in 18111119 ee hi in 1118111
881 8811 18 8811 8111 811 8111
8818818181. fis. (1111188181 11
88. 88, 1818181 118 8811181
811118 88181 8181181111 a ge:
natatione. 111, (1118118811. an.
ῧ1111811 888118 tuit iesu 8111
111 111881 188 18 11811 11111.
im, 188889 881. nl -iLauuahu
888118 811 111 18881813. 111
magnificabo 111 1 18881. [c. 1

11181 festi] festu tutte:

811 1118 8111 transfer
tut: 1111118 18811811 81118111
8888111 811811 13811811. {peti
1111818818181 11111 1 11118 81ῡ
111 8111111 trasfigurant: bn:
811 11118111 111111 humiliati]
{heti 1188111 8888 88111 1181
111811 8811181 18188111 181 ta
88111 138811 11118181891 quus
18888 1811111 8181111181 8815
18181 nostra 1811 11881111 na:
1818 sacramenta 1818111 181
11 1188111 1118181 11818 181811
188 81118811 1811888111 138811

:fn 1181811811

888111 stam 1181 111818 81111
8181 1118111 81811. iberi 18881
881111 claritati 1ῡ8111188811
88 81181181 118811 8118111181
188 18811181 88 81111111. 31118
111 8811181 111818 nia. 31118 18
818118 1ὔ11181ἐ111 1118 1 nostri:
na tu3 818118 811111118181111
1888118811. 1918881111 11885
18118 1811111181 1381111 818811
1181111811 11811188 11111811 fa:
mosiisinia 811181 a 8111111 81
88111 1811811111818 mysteria 11
8111 111111 18 8181181181 8819
88881181 11811 institutio 1 quo
811881 a 18811111 inuenit 1881
8818118 8111 1181 8ῦ 1811 11819
1118 88811811 8881 18118. ᾶῖυ
a, ᾶῑυ 11181 111 8119 et 8181
81181 1'1 mfiuaz 1818111 181811
3111 11 181811181 11181 n'e'tiia:
him9 18188 a in 8811 1118 1811
81189 1181818111 18 881111. ii,
11518181 881 881888 8811 ee 11
811111 1181 8188111 88811 tusi

318 11181811. Lectio. 11.

119 hac solennitate tha:
tissimi 818 1811 1818 11181181
11811 88811811 18811181 811111
811811 111811 11188181881111111
18111 81188 81811881 81888111
11 1ὔ811881. ρΞ1 18111188111181
11111111 18111 8181811191 ἰ men
111 1111118 famulantur erbe:
111 11811. 138111 8881888881
8181113111 quia 8881 11181 1111]
818 181181 81118111 11 1118181

