3191119119

311 919

9919 quasi 91199991 9911999199 9999119 911 9999999 Β 31111199

91111119 1119119 suc 1199999 1119 ³1³-
3111 9919 991999. 911 ,1191191119
1119 99 91999 99991ῡ [9119 9919 911
19199 [sentiit 99 [9111991919 99919
911 9999911199 99999. 119τ 93919 919
‹311- 1391199 1199911919 99 99111919
,919119111911991199 99 9991999999
9915999199991 [¹1 9191999999ι 750
ns1 911 9999999911 311fl9 991191
1119 91919999. Β». &tut 99999.

ῧ99111191111119199111991

m 9119 9119 9919591199ᾐῑε
1119991 cst 99119 11999999 99119119
999 filisu 99 9999999919 9999119 99
cognati 519: 911 magnificam}
9919 111999119919 991 illa: 99 9911
9999991999119 99, 9Ξ9 999. Q 1119
199 99991991191199919919119999.
19999999 crgo 991991 (9919599991)
99 [9119999919919119 uicini. 199
1199 999911 999999 1999999 muti:
111021'1: 911 9911191119 911 1191191111
3191119999 9119 9999 911 119999 (999
9999 911 91991 iusti future nite
insigne 1111199999 99 gia 99911991
99 9199991999 multatione niti:
119191 §figurante signat. 119991
9919 99199 99119 11919 fuiti nte:
99 pubem mcmnzatx 119 1119ι
999 1119999999 999999. &eu 99111
11919 19199 9119911999 99 φ 1119999
9919 111999 911 99999 99991991 91
9119911999 9999991999 nesciuit.
9999 9999 911 9999919199 nichil su
1199 99 19991119 ε nisi 91991 999 99
9999991911 99919999995 9 99999 fit

119119 1199 999 11999 991199 9999Ζ
99 999 99 1111919119 pugillarem
sttipsit 99999 3191191199 9 119
111911 999 91 aptit 911 99 59999
999 99 «9911999999 99999 31999
Ὠ9913 9119 9119 91199 Le 11911
999 sentit etat5: q 9911119 natu:
99111 suma 99999 911 99999 1999
11199999; 9 111999199 1199999 991199
999919 1119119991991119 9119 999 99
9119999 1119999 999 et 99999. Μῦς
999 99991199 9999111199. QEt 99
111911999919 99 91191 uz 11911199
911 cognatione 9999 ἰ] 99999119
1199 11999. 3199919999 ergo 1199
99919 t 91999 991199 999999 991111.
QBt accepit 1199911999 99 999911
999. 39991199 911 119111911 99999.
1999 11199999 9919 999. (91ῖ99911919
91199 9919199 911 lingua 519: 99
91199991 911 99 999 919ῖ11199 hf1
9999199 9991. F». 191999999199
1119119 991199 99 91919 9119 991199.
19991119 1119991 911999 119999 mu
199119999119 1191199119, 919. ibic
911 9119 1119119999 99 11191991) 11ε
1111999 99 qun 999 999. 11991119.
mite sanct9 999999194999. 19.
119 111119999991 putauit q> nlu=
991119 91199999 11999 11999 {acha
999 911119119991 putarat: 99 99
9999999 1119999 119 1191119 alicu:
iu5 99911199919119 9999999991 999
99 99 9911999 infusa spiritu 119
911 91191919 91199 59999999 fue:
99911999999991 αέ99191999 9119 11199

