0000005

(1110005 0111 1011011 01 11
001111 1000110 01001011
111 1011011 11100101 1101001000
05. 03115 tegna. 0. 11900110 sal
101111100011 mi: 1111011 01100
00105 11111 1011111 10001115 000
11110. 05. 3100110. 01103110 1111
101 00 1111101111 01110 10001 10
001115 00011110. 05113005 009.
fin. Da michi 1 01110 10011110
00111115 baptiste: 01 1011111019
111 ter 0100101 101101οη0001.
05.Ἒο110011110. 011. 0101111101·
1011000105 ministri] 001011οι
0110 01 0111001010 101111 10001
1000111115 00011110. 115. 11000.
60111111. impetratio. 109111119
03005 10011 111111111. 111), 310119
001. 011, 0101110 0010005 101111
101010 01010011 0111001010 1οε
0111 1000111115 111 10111101 1100
000110 Discipuli 01115 1101101111
11 10101111 101005 0105 010οε
1001111 11100 111 monumento.
05. ἹΒο110011105. 01. &antii
10001115. 513111101ιο 01 fausta
sabina. 010110. 150010 1001110
{in 0111110111. fin, 1130111015 05.
Deua in 1101111110. Sin 111. 011.
11900110. 05.1],00000110.1001111
6100110110. 111. 11. 119. 01 tini
1111105 mar. 00 015 110105 01
10111111. Sin 11110111. 011. mae
1111. 115. Defecit. (1Ξο01111111111
11111115 in 01011111 11011 10
01000011011111011 0010111
11011 habitabunt 111 10110.

&ancti 1101111

fin 110110. 011. 9910100101119.
05. 0911001110. &animiam
1111105 00 angustia 110οε
10105 00 01110001011111
01115 010 00. flu vesperas. 011
10010015 0111. psai. 11110. 1003
&spectatio 0119 03005 10011.
11). 3101105 germinabit. 011,
011000105 011110011 00011 10
00111115 10101111 101005 019 11
100011010111 111110. 115. 90001.
011. nti-3. 101111 1101111 0000115
00 1110. 05 feriar. (2100110111.
3101105 101. 13.. 0111111011110
111)9 31110 0101101. 09. amauit
011 0115. 011. 03000111100111οε
1111 1011 0115 01000111111111111
110 1011011 111 10100101001 111
001115 upa 119 11 1101 001 1011
011111 01011111. afflat. 11010110,
311011101010 100 001111
110 110015 1100101119 1101·
00111110 00010 fiacrio tfifeffu
10 100 110111οη101 1111001100 01
110015 001101011005 101105 0
0111010 1011100115. {Set 011111.
0910110 1111 01101115 111111 11
00011110 100111111οι15. 0111100.
1150000111 111 10115. 11). 1101οι
1111111 111 001111110. fflzatio.
0100010111 100 0011111ιο
100011105 000101001011
nt 111111 1105 iugiter 1011110111
10010111 1011115 01 00011111 1οι
11101110101101101011111051 110 10
001 1000111011ῡο 0010005.
{in matutinas. 3111111010.

